4294967278,266
4294967279,261
4294967278,280
4294967279,519
4294967278,264
4294967278,285
4294967279,274
4294967278,279
4294967279,518
4294967279,254
4294967278,278
4294967279,253
4294967278,258
4294967279,517
4294967279,516
4294967279,514
4294967279,512
4294967278,326
4294967278,323
4294967278,345
4294967278,344
4294967278,343
4294967279,534
4294967294,437
4294967278,254
4294967279,315
4294967279,248
4294967278,246
4294967279,245
4294967278,242
4294967279,241
4294967278,237
4294967278,240
81,5
4294967279,239
81,4
81,3
81,2
81,1
4294967279,237
4294967278,234
4294967279,233
4294967278,232
4294967279,231
4294967278,230
4294967279,229
4294967278,228
79,4
4294967278,226
79,3
79,2
79,1
4294967278,225
4294967279,225
4294967279,223
4294967279,221
4294967279,222
4294967278,221
4294967278,219
4294967279,219
78,6
4294967279,312
4294967278,217
4294967279,216
4294967279,214
78,5
4294967279,213
4294967278,212
4294967279,212
78,4
4294967278,211
78,3
78,2
78,1
4294967279,211
4294967278,210
4294967279,210
4294967278,207
4294967279,209
4294967279,305
4294967278,320
4294967279,208
77,5
4294967278,206
4294967279,206
4294967278,205
77,4
4294967279,205
77,3
77,2
77,1
4294967278,317
4294967278,318
4294967279,204
4294967278,203
4294967279,309
4294967278,202
4294967279,200
4294967278,201
4294967279,220
4294967278,200
76,5
4294967279,199
4294967278,198
4294967279,198
76,4
4294967278,197
76,3
76,2
76,1
4294967278,315
4294967279,197
4294967278,196
4294967279,196
4294967278,193
4294967279,195
4294967279,194
75,5
4294967278,192
4294967279,192
4294967278,191
75,4
4294967279,191
75,3
75,2
75,1
4294967278,190
4294967279,190
4294967279,189
4294967279,188
4294967278,187
4294967279,187
74,4
4294967278,186
74,3
74,2
74,1
4294967278,388
4294967279,186
4294967278,185
4294967294,409
4294967294,413
4294967294,385
4294967294,406
4294967294,414
4294967294,403
4294967294,384
4294967294,1005
4294967294,113
4294967294,416
4294967294,116
4294967294,175
4294967294,450
4294967294,465
4294967278,311
4294967279,575
4294967278,387
4294967279,302
4294967278,310
4294967278,309
4294967294,1418
4294967294,1419
4294967278,177
4294967279,301
4294967279,177
4294967278,175
4294967279,175
4294967278,172
4294967279,172
4294967294,1417
4294967278,307
4294967279,299
4294967278,170
4294967279,170
4294967294,1415
4294967294,83
4294967293,131
4294967293,130
4294967293,129
4294967293,128
4294967293,127
4294967293,126
4294967293,125
4294967293,124
4294967293,123
4294967293,122
4294967293,121
4294967293,120
4294967293,119
4294967293,118
4294967293,117
4294967293,116
4294967293,115
4294967293,114
4294967293,113
4294967293,112
4294967293,111
4294967293,110
4294967293,109
4294967293,108
4294967293,107
4294967293,106
4294967293,105
4294967293,104
4294967293,103
4294967293,102
4294967293,101
4294967293,100
4294967293,99
4294967293,98
4294967293,97
4294967293,96
4294967293,95
4294967293,94
4294967293,93
4294967293,92
4294967293,91
4294967293,90
4294967293,89
4294967293,87
4294967293,86
4294967293,85
4294967293,84
4294967293,83
4294967293,82
4294967293,81
4294967293,80
4294967293,79
4294967293,78
4294967293,77
4294967293,76
4294967293,75
4294967293,74
4294967293,73
4294967293,72
4294967293,71
4294967293,70
4294967293,69
4294967293,68
4294967293,67
4294967293,66
4294967293,65
4294967293,64
4294967293,63
4294967293,62
4294967293,61
4294967293,60
4294967293,59
4294967293,58
4294967293,57
4294967293,56
4294967293,55
4294967293,54
4294967293,53
4294967293,52
4294967293,51
4294967293,50
4294967293,49
4294967293,48
4294967293,47
4294967293,46
4294967293,45
4294967293,44
4294967293,43
4294967293,42
4294967293,41
4294967293,40
4294967293,39
4294967293,38
4294967293,37
4294967293,36
4294967293,35
4294967293,34
4294967293,33
4294967293,32
4294967293,31
4294967293,30
4294967293,29
4294967293,28
4294967293,27
4294967293,26
4294967293,25
4294967293,24
4294967293,23
4294967293,22
4294967293,21
4294967293,20
4294967293,19
4294967293,18
4294967293,17
4294967293,16
4294967293,15
4294967293,14
4294967293,13
4294967293,12
4294967293,11
4294967293,10
4294967293,9
4294967293,8
4294967293,7
4294967293,6
4294967293,5
4294967293,4
4294967293,3
4294967279,41
4294967279,40
4294967279,39
4294967279,38
4294967279,37
4294967279,36
4294967279,34
4294967279,30
4294967279,29
4294967279,28
4294967279,27
4294967279,25
4294967278,168
4294967279,168
4294967278,167
4294967279,167
4294967278,166
4294967278,165
4294967279,165
4294967278,164
4294967279,164
4294967279,42
4294967278,161
4294967278,386
4294967278,160
4294967279,160
4294967294,480
4294967278,159
4294967279,159
4294967278,158
4294967279,158
4294967279,157
4294967278,156
4294967279,153
4294967279,155
73,5
4294967278,155
73,4
4294967279,154
73,2
73,1
4294967278,154
4294967279,152
4294967278,152
4294967279,151
4294967278,151
4294967279,150
4294967294,479
4294967278,150
4294967279,149
4294967279,35
4294967278,149
4294967279,148
4294967278,148
71,4
4294967279,147
71,3
71,2
71,1
4294967278,147
4294967279,146
4294967278,146
4294967279,32
4294967294,392
4294967279,143
4294967278,145
4294967279,33
4294967278,144
70,6
4294967278,141
4294967279,31
4294967279,142
4294967279,141
70,5
4294967279,26
4294967278,140
4294967279,139
4294967278,139
70,4
4294967279,138
70,3
70,2
70,1
4294967279,137
4294967278,138
4294967279,272
4294967278,277
4294967279,134
4294967278,136
4294967279,24
4294967279,574
4294967279,23
4294967278,135
69,5
4294967279,133
4294967278,133
4294967279,271
69,4
4294967278,276
69,3
69,2
69,1
4294967278,284
4294967279,270
4294967294,387
4294967294,388
4294967279,267
4294967278,275
4294967279,279
4294967278,270
4294967279,573
4294967278,272
4294967278,283
4294967279,277
68,5
4294967278,269
4294967279,264
4294967278,268
68,4
4294967279,263
68,3
68,2
68,1
